"Sample"	"Plate"	"Series"	"Dilution"	"Rep"	"Water"	"Pyruvic_acid_methyl_esther"	"Tween40"	"Tween80"	"alpha_cyclodextrin"	"Glycogen"	"D_cellobiose"	"alfa_D_Lactose"	"Beta_methyl_D_glucoside"	"D_xylose"	"I_Erytritol"	"D_Mannitol"	"N_acetyl_D_glucosamine"	"D_glucosaminic_acid"	"Glucose_1_phosphate"	"D_L_alpha_glycerol_phospate"	"D_galactonic_acid_gama_lactone"	"D_galactouronic_acid"	"two_hydroxy_benzoic_Acid"	"four_hydroxy_benzoic_Acid"	"Gamma_hydroxybutyric_Acid"	"Itaconic_Acid"	"alpha_keto_butyric_acid"	"D_malic_Acid"	"L_Arginine"	"L_Asparagine"	"L_phenylalanine"	"L_serine"	"L_threonine"	"Glycyl_L_glutamic_Acid"	"Phenylethyl_amine"	"Putrescine"	"Diversity"
"X1IIIA"	"1IIIA"	1	3	1	"A"	0	0.6594	0.8166	0.842	1.1212	0.9423	0.9371	1.2127	0.4495	1.0858	-0.0704	1.2166	0.9139	0.8141	0.7621	0.4258	0.8709	0.6838	-0.1531	1.1113	1.2672	1.2137	0.6287	1.0881	1.0816	1.1125	0.9002	1.1039	0.8925	0.701	1.2955	0.9707	29
"X2IIIA"	"2IIIA"	1	3	2	"A"	0	0.7767	1.1928	1.0533	1.3158	1.155	1.1591	1.3431	1.1125	1.3292	0.9804	1.4234	1.146	1.0546	0.8089	0.7944	1.0171	1.1855	0.6946	1.1818	1.4196	1.4464	0.8342	1.1321	1.1357	1.364	1.1802	1.1224	1.0237	0.89	1.3416	1.2476	31
"X3IIIA"	"3IIIA"	1	3	3	"A"	0	0.6964	0.8557	0.722	0.925	0.7102	0.7318	0.8972	0.8482	0.825	0.6164	1.1108	0.8351	0.8521	0.4578	0.3962	0.678	0.7232	-0.239	1.0158	0.9423	1.0141	0.7587	0.8088	0.765	0.791	0.86	0.7791	0.7595	0.6852	1.023	0.8923	30
"X4IIIA"	"4IIIA"	2	3	4	"A"	0	0.3413	0.1783	0.1103	0.3604	0.154	0.5015	0.5146	0.1675	0.2931	0.1868	0.7377	0.3188	0.2736	0.1779	0.2511	0.3243	0.2844	-0.255	0.5215	0.7338	0.5728	0.0148000000000001	0.113	0.534	0.5831	0.3119	0.3563	0.1793	0.1459	0.5919	0.5414	30
"X5IIIA"	"5IIIA"	2	3	5	"A"	0	0.4251	0.4368	0.3328	0.5538	0.628	0.6325	0.7208	0.3876	0.7451	0.3401	0.7447	0.5887	0.5908	0.3124	0.2899	0.4986	0.5697	-0.6326	0.8012	0.8502	0.8418	0.2172	0.4994	0.6579	0.5257	0.5733	0.7027	0.4576	0.4616	0.8674	0.6469	30
"X1IIIB"	"1IIIB"	2	3	1	"B"	0	0.4703	0.6008	0.572	0.9526	0.6658	0.6677	0.765	0.375	0.8339	0.3661	1.0343	0.6908	0.7776	0.4683	0.2575	0.4832	0.7496	0.4778	0.8678	0.9069	0.8658	0.1919	0.635	0.7461	0.7742	0.6356	0.7311	0.4012	0.4455	0.8221	0.8621	31
"X2IIIB"	"2IIIB"	3	3	2	"B"	0	0.9313	0.7883	0.7431	1.013	0.9233	1.2092	1.136	0.8313	1.0892	0.4192	0.8398	0.9194	0.8308	0.804	0.6152	0.964	0.8816	0.3903	1.184	1.2114	1.1216	0.3892	0.996	0.9328	1.2268	0.6378	1.0096	0.5269	0.7069	1.3641	1.0281	31
"X3IIIB"	"3IIIB"	3	3	3	"B"	0	0.5129	0.2235	0.2596	0.3515	0.4386	0.5831	0.5845	0.0646	0.632	0.4173	0.7185	0.4655	0.3041	0	0.1536	0.3123	0.4742	-0.00869999999999993	0.6913	0.5662	0.87	0.1287	0.2878	0.3963	0.4407	0.3506	0.6047	0.4178	0.1977	0.6918	0.4998	29
"X4IIIB"	"4IIIB"	3	3	4	"B"	0	0.3195	0.1089	0.0882	0.4827	0.5209	0.362	0.5428	0.2232	0.5631	-0.0430999999999999	0.5976	0.1898	0.4189	0.1544	0.1446	0.2902	0.2537	-0.5791	0.5083	0.4534	0.6897	-0.1289	0.2039	0.2626	0.15	0.3935	0.2667	0.2982	0.1257	0.6393	0.4019	28
"X5IIIB"	"5IIIB"	4	3	5	"B"	0	0.8176	0.8892	0.9318	1.257	0.846	1.112	1.1552	0.9518	1.3631	0.6635	1.2686	0.9458	1.0081	0.8683	0.6541	0.9891	0.9787	-0.1822	1.3039	1.215	1.2972	0.8371	1.1186	0.8756	1.0091	1.2632	0.9606	0.7669	0.7015	1.2542	1.1874	30
"X1IIIC"	"1IIIC"	4	3	1	"C"	0	0.5055	0.5372	0.4293	0.8873	0.5056	0.5882	0.5439	0.5338	0.7595	0.0868	0.7473	0.5783	0.5337	0.3723	0.422	0.5135	0.4694	0.7551	0.7542	0.94	0.8164	0.2157	0.4419	0.7141	0.8814	0.57	0.662	0.168	0.3567	0.9729	0.6387	31
"X2IIIC"	"2IIIC"	4	3	2	"C"	0	0.504	0.5975	0.5902	1.056	0.8044	1.0721	0.934	0.5178	1.0004	0.1666	1.0103	0.853	0.9212	0.365	0.2003	0.7898	0.7752	0.0639000000000001	1.0941	1.1177	1.216	0.1307	0.7515	0.7598	0.8217	0.5754	0.874	0.4427	0.4991	1.0941	0.7963	31
"X3IIIC"	"3IIIC"	5	3	3	"C"	0	0.5537	0.3024	0.3447	0.8698	0.3899	0.4353	0.6117	0.6325	0.7487	0.3754	0.8901	0.6775	0.464	0.547	0.4148	0.3153	0.4109	-0.0447000000000002	0.5231	0.8093	0.4915	0.1628	0.6113	0.5688	0.5683	0.5244	0.5172	0.6794	0.2726	0.8524	0.6902	30
"X4IIIC"	"4IIIC"	5	3	4	"C"	0	-0.0182	0.1619	0.032	0.5014	0.2652	0.3277	0.3944	0.0461	0.5051	0.176	0.492	0.2754	0.551	0.099	0.1169	0.1017	0.1002	0.1219	0.2503	0.3322	0.4454	-0.0856999999999999	-0.067	0.2094	0.6964	0.3912	0.3147	0.5871	0.0293000000000001	0.5937	0.5372	28
"X1IIA"	"1IIA"	6	2	1	"A"	0	0.7376	0.7367	0.9327	1.0129	0.5784	0.8933	1.0749	0.659	0.9518	0.4234	1.0153	0.8536	0.6885	0.4767	0.1626	0.8119	0.7476	0.7055	1.0893	0.8861	1.0713	0.759	0.9263	0.9982	1.0299	0.7815	0.9028	0.7321	0.5333	1.2649	1.0194	31
"X2IIA"	"2IIA"	6	2	2	"A"	0	0.5236	0.566	0.5969	1.0653	0.82	0.7516	0.8166	0.5633	0.9908	0.4054	1.0072	0.7373	0.7393	0.3841	0.2287	0.714	0.8305	-0.0202	1.1403	1.0725	1.1793	0.359	0.9014	0.9272	0.9053	0.5708	0.9364	0.4493	0.4465	1.0481	0.9632	30
"X3IIA"	"3IIA"	6	2	3	"A"	0	0.8654	0.8435	0.7207	1.368	0.9483	0.8643	1.0346	0.4807	0.8974	0.8423	1.2045	0.758	0.7904	0.5258	0.4497	0.6576	0.7078	-0.3553	1.3058	1.2657	1.2402	0.5723	0.8231	1.1946	0.9809	0.6981	0.996	0.6467	0.8637	1.3062	1.095	30
"X4IIA"	"4IIA"	7	2	4	"A"	0	1.0686	1.0348	0.6553	1.1985	0.8929	1.0287	1.2069	0.8494	1.2892	0.5644	1.4834	0.9848	1.0037	0.6612	0.6148	0.9237	0.9967	-0.2092	1.3412	1.4145	1.1193	0.7865	0.93	1.0942	1.0781	1.1134	1.1603	0.8711	0.7061	1.4672	1.1356	30
"X5IIA"	"5IIA"	7	2	5	"A"	0	0.4071	0.2439	0.2784	0.5026	0.4178	0.6207	0.6736	0.3223	0.7043	-0.0110000000000001	0.806	0.6152	0.4195	0.3081	0.1366	0.4426	0.5418	-0.5321	0.7361	0.8491	0.7347	0.0933999999999999	0.336	0.7193	0.7761	0.5443	0.5847	0.2208	0.181	0.7979	0.7291	29
"X1IIB"	"1IIB"	7	2	1	"B"	0	0.4738	0.5853	0.7204	0.378	0.8531	0.8136	0.8241	0.6004	1.0502	0.2424	0.9995	0.6696	0.619	0.1922	-0.0922999999999998	0.664	0.6239	0.2711	1.0054	0.9574	1.2044	-0.0567	0.6238	0.9543	0.9379	0.6689	0.7644	0.3487	0.2699	1.1244	0.8587	29
"X2IIB"	"2IIB"	8	2	2	"B"	0	0.7612	0.6555	0.6993	1.0167	0.7312	0.8649	0.9883	0.7301	0.9849	0.5449	1.0623	0.7946	0.7248	0.6231	0.4818	0.796	0.7857	0.0289000000000001	1.0619	1.1123	1.0812	0.3845	0.8891	0.9072	1.0591	0.6641	0.872	0.5045	0.4396	1.1983	0.9208	31
"X3IIB"	"3IIB"	8	2	3	"B"	0	0.4272	0.1976	-0.00249999999999995	0.4323	0.3334	0.3643	0.4638	0.00500000000000012	0.4045	0.4988	0.7352	0.4142	0.3726	-0.036	0.00550000000000006	0.2835	0.2927	-0.1781	0.5542	0.6679	0.6099	0.1232	0.4213	0.4332	0.4724	0.1885	0.4502	0.3896	0.05	0.7036	0.4682	28
"X4IIB"	"4IIB"	8	2	4	"B"	0	0.6335	0.5963	0.3726	0.851	0.8838	0.7685	0.9654	0.6088	1.0134	0.6427	0.9314	0.8117	0.9602	0.4047	0.4042	0.6903	0.6444	-0.2253	1.1874	1.1713	1.1695	0.2121	0.6459	0.9461	0.7838	0.8208	0.8245	0.5771	0.5157	1.1225	0.8911	30
"X5IIB"	"5IIB"	9	2	5	"B"	0	0.8079	0.6491	0.5388	0.6063	0.6709	0.864	1.1002	0.7141	1.1459	0.2481	0.9759	0.9401	0.7156	0.5217	0.2067	0.6834	0.7041	-0.3602	1.1219	1.1913	0.4424	0.4718	0.4183	0.7607	0.7517	0.6855	0.9111	0.4203	0.4426	0.6109	0.9545	30
"X1IIC"	"1IIC"	9	2	1	"C"	0	0.6676	0.6759	0.7418	1.0071	0.8387	0.8447	0.8772	0.6657	0.9943	0.6609	1.1168	0.8852	0.7601	0.5403	0.4979	0.7207	0.7809	0.703	0.9171	0.9928	1.063	0.4598	0.7563	0.9053	0.8932	0.7771	0.7426	0.9936	0.5429	1.0857	0.8808	31
"X2IIC"	"2IIC"	9	2	2	"C"	0	0.4558	0.8287	0.2829	0.83	0.5419	0.5361	0.644	0.5308	0.7843	0.3247	0.7936	0.599	0.4623	0.3803	0.2359	0.5097	0.4842	0.4954	0.7418	0.7693	0.9072	0.1463	0.4509	0.5676	0.5273	0.5552	0.5263	0.4249	0.2929	0.7364	0.6503	31
"X3IIC"	"3IIC"	10	2	3	"C"	0	0.6717	0.5455	0.4473	0.9692	0.5909	0.9005	1.0224	0.7769	0.9165	1.1089	1.0791	0.8226	0.853	0.7929	0.6032	0.8003	0.7432	0.00320000000000009	0.893	1.2001	0.7021	0.4762	0.9523	1.012	1.0889	0.5129	0.8367	0.6312	0.4373	1.1001	0.8422	31
"X4IIC"	"4IIC"	10	2	4	"C"	0	0.7445	0.7661	0.7843	0.8675	0.8541	1.041	1.0924	0.6331	1.2504	0.6828	1.2796	1.1226	0.8055	0.4875	0.589	0.9189	1.0044	-0.4625	1.1278	1.3521	1.2055	0.5691	0.8104	1.1443	1.0991	0.7517	0.9544	0.5197	0.6503	1.3215	0.9757	30
"X5IIC"	"5IIC"	10	2	5	"C"	0	0.5926	0.7686	0.6593	1.1118	0.7231	0.8041	0.5475	0.699	1.0063	0.3218	1.0434	0.8694	0.7872	0.5179	0.5103	0.5749	0.6371	-0.3052	0.9967	1.0717	0.7164	0.5358	0.5704	0.7184	0.8166	0.8639	0.9059	0.782	0.6111	0.9986	0.8649	30
"X1IA"	"1IA"	11	1	1	"A"	0	0.8403	0.9312	1.0931	0.6793	1.0111	1.112	1.221	0.9436	1.3065	0.4575	1.3383	1.0848	0.9055	0.795	0.5818	1.0123	0.8479	1.0484	1.3005	1.4332	1.2107	0.5392	1.0447	1.3183	1.485	0.9252	1.258	0.4825	0.538	1.5063	1.1698	31
"X2IA"	"2IA"	11	1	2	"A"	0	0.6947	0.5827	0.7721	0.9986	0.8565	0.8416	0.6619	0.5148	0.808	0.4182	1.041	0.9267	0.7966	0.5379	0.2512	0.5466	0.815	0.394	1.1486	1.113	1.1567	0.1084	0.7613	0.9229	1.0586	0.6633	0.925	0.2893	0.3657	1.0543	0.8426	31
"X3IA"	"3IA"	11	1	3	"A"	0	0.6651	0.5142	0.4185	0.8137	0.6884	0.753	0.664	0.5523	0.8428	0.4387	0.8264	0.6354	0.601	0.3774	0.3115	0.4932	0.528	-0.1084	0.7934	0.8555	0.8771	0.3764	0.4275	0.6123	0.5991	0.5207	0.594	0.5374	0.443	0.887	0.6392	30
"X4IA"	"4IA"	12	1	4	"A"	0	0.4963	0.546	0.367	0.4715	0.5342	0.6858	0.803	0.5304	0.8806	0.295	0.9474	0.6233	0.5845	0.4539	0.442	0.4958	0.4362	-0.3453	0.8782	0.8902	0.364	0.2813	0.2797	0.6842	0.7782	0.4559	0.7364	0.4563	0.3451	1.0418	0.6749	30
"X5IA"	"5IA"	12	1	5	"A"	0	0.654	0.6627	0.6329	0.9265	0.8273	0.8672	0.8015	0.5466	1.004	0.4832	1.0877	0.7996	0.7227	0.4012	0.3762	0.6771	0.8266	-0.1384	1.2142	1.2117	1.2464	0.4806	0.7115	0.9257	0.9763	0.6895	1.0401	0.6411	0.5619	1.2019	0.9976	30
"X1IB"	"1IB"	12	1	1	"B"	0	0.0402999999999998	0.1841	0.1615	0.5923	0.2939	0.2697	0.3908	0.0144	0.3825	0.0453000000000001	0.6225	0.2331	0.274	0.0842999999999998	0.0253999999999999	0.2717	0.291	0.1488	0.4788	0.4957	0.4696	0.1009	0.1227	0.4407	0.3854	0.2732	0.152	0.4232	0.0153999999999999	0.3451	0.2439	31
"X2IB"	"2IB"	13	1	2	"B"	0	0.4312	0.3321	0.2975	0.7486	0.4106	0.6097	0.7345	0.419	0.7111	0.2369	0.7023	0.5505	0.6315	0.302	0.3218	0.4989	0.5344	-0.1782	0.7413	0.6124	0.845	-0.1655	0.6355	0.5753	0.723	0.5299	0.5767	0.6023	-0.1398	0.9064	0.5908	28
"X3IB"	"3IB"	13	1	3	"B"	0	0.3432	0.3091	0.2527	0.6449	0.4546	0.6749	0.7581	0.4428	0.7705	0.2779	0.8776	0.5628	0.6611	0.2833	0.1974	0.4347	0.5254	-0.4763	0.7249	0.7631	0.6774	0.2136	0.4152	0.5922	0.5888	0.3372	0.578	0.3948	0.2891	0.6985	0.611	30
"X4IB"	"4IB"	13	1	4	"B"	0	0.4209	0.3971	0.2635	0.6386	0.5977	0.6829	0.7689	0.5279	0.8305	0.2127	0.8654	0.7316	0.6464	0.303	0.2575	0.5359	0.5415	-0.435	0.8168	0.7867	0.4119	0.2854	0.456	0.754	0.5205	0.4561	0.5571	0.2495	0.3532	0.7402	0.7197	30
"X5IB"	"5IB"	14	1	5	"B"	0	0.5727	0.5123	0.3974	0.7141	0.6628	0.7433	0.8028	0.6141	0.8771	0.2609	1.042	0.6507	0.6544	0.5123	0.5263	0.6332	0.5864	-0.1808	0.8233	0.8517	0.8082	0.4278	0.5526	0.645	0.7367	0.6319	0.7031	0.4762	0.465	0.776	0.679	30
"X1IC"	"1IC"	14	1	1	"C"	0	0.4321	0.4285	0.558	0.8777	0.2321	0.7659	0.7086	0.2551	0.8881	0.2878	0.8863	0.6241	0.2867	0.2972	0.2575	0.5027	0.5593	0.2326	0.8086	0.9644	0.3994	0.2614	0.5682	0.8224	0.8774	0.5118	0.5788	0.18	0.2283	0.9015	0.772	31
"X2IC"	"2IC"	14	1	2	"C"	0	1.241	1.0085	1.0068	1.4881	1.3237	1.1209	1.2441	1.0578	1.4109	0.3554	1.2481	1.2	1.197	0.8604	0.5063	1.1033	1.1697	0.3471	1.4381	1.312	1.5345	0.5061	1.1968	1.0763	1.2119	1.2376	1.1188	0.8296	0.8646	1.482	1.1582	31
"X3IC"	"3IC"	15	1	3	"C"	0	0.6848	0.5926	0.5048	0.55	0.8013	0.7759	0.8344	0.725	1.0047	0.4308	1.0121	0.8064	0.8299	0.608	0.571	0.691	0.7297	-0.4715	1.0724	1.0486	1.0265	0.465	0.8669	0.8952	1.0151	0.6694	0.887	0.6098	0.3891	1.098	0.9028	30
"X4IC"	"4IC"	15	1	4	"C"	0	0.5121	0.34	0.3374	0.3575	0.4467	0.6914	0.7339	0.4554	0.8373	0.4435	0.8638	0.6665	0.6503	0.3042	0.3346	0.502	0.6577	-0.1965	0.7611	0.9101	1.0154	0.3556	0.6386	0.7934	0.7536	0.3582	0.6193	0.3255	0.4293	0.8484	0.6452	30
